     0.000     0.000     0.000     0.000     0.000     0.000     0.000     0.000     0.000     0.000     0.000     18.53     0.000     0.000     0.000     0.000
     0.000     0.000     0.000     0.000     0.000     0.000     0.000     0.000     0.000     0.000     8.752     0.000     28.92     0.000     217.5     1406.
     0.000     0.000     0.000     0.000     0.000     0.000     0.000     0.000     0.000     0.000     0.000     0.000     48.45     0.000     0.000     0.000
     0.000     0.000     0.000     0.000     0.000     0.000     0.000     0.000     0.000     14.56     15.01     16.13     0.000     104.0     164.5     0.000
     0.000     0.000     0.000     0.000     0.000     0.000     0.000     0.000     0.000     14.25     10.40     13.43     55.94     0.000     134.2     385.8
     0.000     0.000     0.000     0.000     0.000     0.000     1.094     0.000     5.470     0.000     6.493     0.000     0.000     0.000     0.000     0.000
     0.000     0.000     0.000     0.000     0.000     0.000     0.000     1.875     2.933     0.000     0.000     60.14     0.000     173.8     0.000     0.000
     0.000     0.000     0.000     0.000     0.000     0.000     0.000     3.278     1.721     14.79     107.4     0.000     51.02     93.37     116.1     0.000
     0.000     0.000     0.000     0.000     0.000     2.619     2.350     2.625     6.185     3.498     41.83     36.24     85.77     108.9     643.1     0.000
     0.000     0.000     0.000     1.125     0.000     0.000     0.000     3.939     0.000     19.01     10.73     0.000     61.37     171.3     156.9     532.9
     0.000     0.000     0.000     0.000     0.000     1.094     1.096     4.033     6.750     36.55     11.74     50.06     91.37     207.9     325.8     244.5
     0.000     0.000     0.000     0.000     0.000     0.000     3.314     3.719     5.512     8.520     29.61     99.95     105.9     244.9     499.2     391.5
     0.000     0.000     0.000     0.000     1.094     3.314     7.638     8.869     10.01     56.05     48.64     120.2     99.77     292.0     558.3     0.000
     0.000     0.000     0.000     0.000     0.000     1.525     6.068     17.53     27.01     49.79     44.28     154.8     186.0     366.7     298.3     1128.
     0.000     0.000     0.000     2.672     2.250     2.672     3.283     21.24     35.55     42.95     71.93     251.2     249.9     301.1     982.2     982.1
     0.000     0.000     0.000     1.125     1.125     5.691     10.77     23.98     33.85     88.11     119.0     319.1     548.7     599.6     982.1     578.3
     0.000     0.000     0.000     0.000     4.408     3.896     16.85     30.25     54.96     152.4     88.85     457.0     463.7     812.5     448.9     1857.
     0.000     0.000     0.000     0.000     2.355     4.839     17.67     32.92     62.05     87.88     239.5     636.0     646.3     753.6     580.1     1234.
     0.000     0.000     0.000     0.000     1.094     9.699     27.20     60.37     118.6     171.0     276.1     651.0     1449.     1227.     2098.     1814.
     0.000     0.000     1.125     1.547     2.619     11.57     29.98     69.57     145.0     292.0     474.1     969.8     1618.     1294.     2834.     1572.
     0.000     0.000     0.000     0.000     10.88     13.38     38.92     117.6     198.3     331.5     694.6     1134.     2200.     2341.     3394.     3371.
     0.000     0.000     0.000     2.250     2.250     19.99     64.64     177.3     335.0     504.0     962.3     1404.     1824.     3024.     2624.     4195.
     0.000     0.000     0.000     3.094     11.38     35.38     96.27     274.2     477.2     669.2     1258.     1890.     3242.     3958.     3070.     7701.
     0.000     0.000     0.000     1.125     5.986     34.29     120.1     371.5     608.3     999.7     1671.     2455.     3917.     4367.     5190.     4976.
     0.000     0.000     1.125     3.375     11.53     66.25     197.9     508.4     910.0     1401.     2088.     3447.     4199.     5497.     4112.     9601.
     0.000     0.000     0.000     3.094     25.14     104.6     247.0     660.3     1160.     1856.     2708.     4462.     5086.     5963.     5802.     6025.
     0.000     0.000     0.000     5.766     26.45     93.64     347.8     825.5     1464.     2269.     3247.     4264.     4865.     5606.     3823.     3704.
     0.000     1.125     1.125     1.547     45.32     130.0     480.6     1118.     1575.     2745.     3694.     4948.     6268.     5210.     5099.     4819.
     0.000     0.000     1.125     4.500     38.43     179.0     539.0     1262.     1838.     2579.     3698.     4584.     5695.     5002.     4373.     7605.
     0.000     0.000     0.000     7.875     62.41     262.7     724.4     1322.     2132.     2939.     3807.     4563.     4497.     4419.     3361.     4591.
     0.000     0.000     0.000     10.97     78.54     306.4     772.9     1589.     2200.     2768.     3363.     3924.     4155.     3510.     3506.     2823.
     0.000     1.125     1.125     23.59     129.8     383.4     976.8     1566.     2148.     2456.     2758.     3815.     3704.     3560.     2127.     2679.
     0.000     0.000     1.547     20.07     120.0     492.2     1033.     1560.     2031.     2405.     2502.     3115.     2563.     2134.     2794.     1835.
     0.000     0.000     3.375     35.72     203.4     547.4     1098.     1586.     1785.     2033.     2156.     2091.     2142.     1680.     1148.     2472.
     0.000     1.125     1.125     46.67     224.3     625.8     1149.     1523.     1556.     1614.     1568.     1971.     2207.     1353.     1153.     997.6
     0.000     0.000     7.699     65.36     258.1     662.0     1196.     1373.     1394.     1309.     1427.     1668.     1783.     1227.     1117.     1426.
     0.000     0.000     10.65     64.20     330.0     700.9     1058.     1364.     1281.     1175.     1404.     1263.     1002.     1015.     1263.     718.7
     0.000     0.000     5.625     98.58     337.4     699.3     1092.     1195.     1100.     1082.     1143.     1131.     1087.     992.9     443.6     531.8
     0.000     2.250     19.79     101.7     380.7     752.0     1084.     1121.     1100.     1087.     1007.     1051.     1011.     1118.     405.7     1378.
     0.000     2.672     22.01     118.9     394.0     747.5     963.5     1109.     953.2     956.0     959.4     979.1     922.8     847.5     572.2     217.9
     0.000     0.000     13.92     109.1     404.0     737.8     926.6     1009.     968.3     840.9     882.8     955.0     869.6     627.3     1050.     225.2
     1.125     2.250     14.77     130.0     401.9     716.5     955.3     974.9     921.7     868.3     999.9     886.1     1055.     811.7     891.9     0.000
     0.000     2.672     13.50     128.8     452.0     767.5     935.4     1021.     975.2     1015.     849.2     1022.     1296.     1106.     813.2     997.6
     0.000     1.125     24.29     160.5     420.7     712.8     909.4     1020.     924.8     913.3     1240.     1269.     1205.     786.4     242.1     620.2
     0.000     0.000     27.28     152.4     465.7     714.7     970.5     1163.     1196.     1151.     1340.     1365.     841.8     816.9     945.7     0.000
     0.000     0.000     25.00     183.6     475.6     747.8     1088.     1348.     1340.     1425.     1450.     1179.     1058.     421.4     362.1     213.3
     0.000     3.797     27.56     179.6     502.4     872.1     1260.     1655.     1625.     1465.     1159.     976.7     613.8     194.8     91.93     0.000
     0.000     2.250     35.83     238.3     592.1     998.6     1392.     1916.     1760.     1401.     962.9     748.2     481.2     152.3     214.3     0.000
     0.000     2.250     51.01     272.0     684.7     1239.     1810.     2058.     1832.     1318.     587.0     247.9     212.1     168.4     0.000     257.4
     0.000     4.219     54.99     298.3     898.2     1578.     2197.     2152.     1533.     952.5     526.3     322.9     125.1     198.5     91.11     0.000
     0.000     1.547     84.24     520.2     1247.     2121.     2391.     2028.     1164.     531.8     372.0     214.4     201.3     227.1     343.2     0.000
     0.000     5.731     155.1     657.1     1587.     2269.     2248.     1685.     814.3     441.8     191.2     131.5     128.3     0.000     142.2     0.000
     2.355     31.40     244.2     841.2     1662.     1967.     1764.     1170.     490.4     236.0     96.55     65.05     0.000     223.5     111.0     0.000
     2.672     45.46     314.4     894.1     1285.     1463.     1197.     761.8     265.5     118.8     81.66     114.9     33.02     71.54     0.000     0.000
     4.606     47.39     239.1     611.7     789.8     893.3     699.1     418.1     167.2     90.92     52.17     30.57     101.3     0.000     0.000     0.000
     4.922     28.86     143.8     290.3     440.9     459.2     373.3     229.0     129.9     66.43     49.87     32.09     0.000     0.000     0.000     0.000
     4.219     24.68     77.42     153.0     201.3     213.7     201.0     142.2     54.97     54.87     71.05     0.000     105.1     44.81     0.000     0.000
     0.000     10.37     49.04     56.92     126.8     132.0     106.8     87.71     56.56     20.11     12.80     11.75     0.000     0.000     0.000     0.000
     2.355     9.633     23.80     38.36     61.77     60.72     70.92     58.60     30.83     35.23     0.000     33.03     0.000     0.000     0.000     0.000
     5.027     3.797     8.297     32.52     29.23     36.23     40.61     42.46     25.50     9.115     26.73     0.000     0.000     0.000     0.000     203.3
     0.000     0.000     4.219     16.73     17.80     25.57     28.31     14.89     14.81     3.407     0.000     10.49     27.08     0.000     0.000     0.000
     0.000     1.125     1.125     3.902     18.46     23.44     19.86     22.12     20.22     7.446     8.409     0.000     0.000     0.000     0.000     0.000
     0.000     0.000     1.547     7.805     9.110     13.79     26.31     11.70     4.909     17.05     0.000     24.36     0.000     0.000     0.000     0.000
     0.000     0.000     4.219     6.574     4.606     3.283     11.01     16.45     8.020     11.98     15.11     30.53     0.000     0.000     0.000     0.000
     0.000     0.000     1.125     0.000     4.861     5.503     4.381     11.92     2.485     5.669     0.000     0.000     27.44     0.000     0.000     0.000
     0.000     0.000     0.000     1.125     7.632     9.436     10.32     5.420     3.690     0.000     9.907     0.000     31.31     0.000     0.000     0.000
     0.000     0.000     0.000     1.125     2.219     3.744     2.624     8.448     4.807     2.988     17.31     11.29     0.000     0.000     0.000     0.000
     0.000     0.000     0.000     0.000     0.000     4.544     2.189     10.20     7.203     7.800     7.827     10.59     0.000     0.000     0.000     0.000
     0.000     0.000     1.125     0.000     1.094     7.247     1.098     9.976     2.535     0.000     15.49     0.000     0.000     0.000     0.000     0.000
     0.000     0.000     0.000     1.125     1.125     0.000     4.379     1.098     4.484     0.000     0.000     18.13     0.000     0.000     0.000     0.000